 Formula: Fe2O3                                 Feff8L (EXAFS)       0.1
 SpaceGroup: R-3c
 CIF Source: Am Min Crystal Structure Database ID 143
 Mineral Name: hematite
 Publication: American Mineralogist 51 [123:129] (1966)
 Authors: Blake R L, Hessevick R E, Zoltai T, Finger L W
 Cell Parameters (A, degrees): a=5.038, b=5.038, c=13.772, alpha=90.0, beta=90.0
 Cell Volume (A^3): 302.72200
 Crystal Density (gr/cm^3): 5.25600
 Compound: Elba, Italy
 POT  Non-SCF, core-hole, AFOLP (folp(0)= 1.150)
 Abs   Z=26 Rmt= 1.286 Rnm= 1.378 K  shell
 Pot 1 Z= 8 Rmt= 1.012 Rnm= 1.086
 Pot 2 Z=26 Rmt= 1.289 Rnm= 1.385
 Gam_ch=1.309E+00 H-L exch
 Mu=-9.174E-01 kf=2.252E+00 Vint=-2.024E+01 Rs_int= 1.610
 PATH  Rmax= 7.000,  Keep_limit= 0.00, Heap_limit 0.00  Pwcrit= 2.50%
 Path    2      icalc       2
 -----------------------------------------------------------------------
   2   3.000   2.1162    2.3192   -0.91742 nleg, deg, reff, rnrmav(bohr), edge
        x         y         z   pot at#
    -0.0000   -0.0000   -0.0000  0  26 Fe       absorbing atom
    -0.7706    1.3346   -1.4502  1   8 O
    k   real[2*phc]   mag[feff]  phase[feff] red factor   lambda     real[p]@#
  0.000  3.1006E+00  4.4009E-05 -2.4489E+00  1.008E+00  2.6227E+01  2.2526E+00
  0.100  3.1001E+00  4.3759E-02 -2.8641E+00  1.008E+00  2.6252E+01  2.2547E+00
  0.200  3.0987E+00  8.7151E-02 -3.2647E+00  1.009E+00  2.6323E+01  2.2611E+00
  0.300  3.0964E+00  1.2982E-01 -3.6501E+00  1.009E+00  2.6434E+01  2.2716E+00
  0.400  3.0930E+00  1.7146E-01 -4.0206E+00  1.009E+00  2.6573E+01  2.2863E+00
  0.500  3.0886E+00  2.1177E-01 -4.3763E+00  1.009E+00  2.6725E+01  2.3051E+00
  0.600  3.0832E+00  2.5055E-01 -4.7174E+00  1.009E+00  2.6869E+01  2.3278E+00
  0.700  3.0765E+00  2.8758E-01 -5.0441E+00  1.010E+00  2.6984E+01  2.3545E+00
  0.800  3.0686E+00  3.2274E-01 -5.3565E+00  1.010E+00  2.7046E+01  2.3848E+00
  0.900  3.0593E+00  3.5594E-01 -5.6549E+00  1.011E+00  2.7031E+01  2.4189E+00
  1.000  3.0485E+00  3.8714E-01 -5.9396E+00  1.011E+00  2.6919E+01  2.4565E+00
  1.100  3.0361E+00  4.1633E-01 -6.2107E+00  1.012E+00  2.6691E+01  2.4975E+00
  1.200  3.0221E+00  4.4351E-01 -6.4685E+00  1.013E+00  2.6338E+01  2.5418E+00
  1.300  3.0062E+00  4.6872E-01 -6.7132E+00  1.015E+00  2.5858E+01  2.5894E+00
  1.400  2.9883E+00  4.9198E-01 -6.9449E+00  1.016E+00  2.5258E+01  2.6401E+00
  1.500  2.9682E+00  5.1332E-01 -7.1638E+00  1.018E+00  2.4550E+01  2.6939E+00
  1.600  2.9458E+00  5.3278E-01 -7.3700E+00  1.020E+00  2.3756E+01  2.7506E+00
  1.700  2.9209E+00  5.5035E-01 -7.5636E+00  1.023E+00  2.2900E+01  2.8104E+00
  1.800  2.8932E+00  5.6603E-01 -7.7446E+00  1.026E+00  2.2011E+01  2.8730E+00
  1.900  2.8626E+00  5.7978E-01 -7.9131E+00  1.029E+00  2.1116E+01  2.9386E+00
  2.000  2.8287E+00  5.9156E-01 -8.0691E+00  1.033E+00  2.0241E+01  3.0071E+00
  2.200  2.7501E+00  6.0878E-01 -8.3432E+00  1.041E+00  1.8645E+01  3.1531E+00
  2.400  2.6596E+00  6.1672E-01 -8.5667E+00  1.050E+00  1.7391E+01  3.3114E+00
  2.600  2.5177E+00  6.1030E-01 -8.7355E+00  1.030E+00  1.6598E+01  3.4940E+00
  2.800  2.3812E+00  6.5997E-01 -8.9162E+00  1.153E+00  8.8104E+00  3.6685E+00
  3.000  2.3431E+00  6.8507E-01 -9.1633E+00  1.204E+00  7.1856E+00  3.8038E+00
  3.200  2.3045E+00  6.9079E-01 -9.3967E+00  1.229E+00  6.4741E+00  3.9395E+00
  3.400  2.2467E+00  6.8020E-01 -9.6049E+00  1.239E+00  6.1200E+00  4.0845E+00
  3.600  2.1789E+00  6.5799E-01 -9.7961E+00  1.237E+00  5.9532E+00  4.2348E+00
  3.800  2.1043E+00  6.2745E-01 -9.9770E+00  1.232E+00  5.8970E+00  4.3899E+00
  4.000  2.0249E+00  5.9267E-01 -1.0149E+01  1.217E+00  5.9134E+00  4.5494E+00
  4.200  1.9412E+00  5.5612E-01 -1.0314E+01  1.204E+00  5.9814E+00  4.7129E+00
  4.400  1.8554E+00  5.1843E-01 -1.0473E+01  1.190E+00  6.0880E+00  4.8798E+00
  4.600  1.7686E+00  4.8206E-01 -1.0627E+01  1.175E+00  6.2250E+00  5.0499E+00
  4.800  1.6803E+00  4.4754E-01 -1.0773E+01  1.160E+00  6.3868E+00  5.2228E+00
  5.000  1.5918E+00  4.1529E-01 -1.0913E+01  1.146E+00  6.5695E+00  5.3981E+00
  5.200  1.5036E+00  3.8532E-01 -1.1047E+01  1.134E+00  6.7699E+00  5.5757E+00
  5.400  1.4153E+00  3.5746E-01 -1.1172E+01  1.121E+00  6.9860E+00  5.7553E+00
  5.600  1.3273E+00  3.3142E-01 -1.1290E+01  1.110E+00  7.2160E+00  5.9366E+00
  5.800  1.2394E+00  3.0725E-01 -1.1402E+01  1.099E+00  7.4586E+00  6.1195E+00
  6.000  1.1515E+00  2.8499E-01 -1.1507E+01  1.088E+00  7.7127E+00  6.3038E+00
  6.500  9.3317E-01  2.3716E-01 -1.1751E+01  1.065E+00  8.3928E+00  6.7698E+00
  7.000  7.1892E-01  1.9985E-01 -1.1980E+01  1.044E+00  9.1294E+00  7.2419E+00
  7.500  5.1324E-01  1.7205E-01 -1.2205E+01  1.027E+00  9.9157E+00  7.7186E+00
  8.000  3.1920E-01  1.5119E-01 -1.2424E+01  1.013E+00  1.0747E+01  8.1991E+00
  8.500  1.3502E-01  1.3409E-01 -1.2625E+01  9.994E-01  1.1620E+01  8.6825E+00
  9.000 -4.7052E-02  1.1838E-01 -1.2802E+01  9.847E-01  1.2531E+01  9.1683E+00
  9.500 -2.2589E-01  1.0369E-01 -1.2958E+01  9.728E-01  1.3480E+01  9.6559E+00
 10.000 -3.9995E-01  9.1044E-02 -1.3104E+01  9.628E-01  1.4463E+01  1.0145E+01
 11.000 -7.2568E-01  7.4444E-02 -1.3389E+01  9.492E-01  1.6529E+01  1.1127E+01
 12.000 -1.0227E+00  6.2677E-02 -1.3644E+01  9.420E-01  1.8721E+01  1.2113E+01
 13.000 -1.2995E+00  5.0940E-02 -1.3872E+01  9.375E-01  2.1031E+01  1.3102E+01
 14.000 -1.5538E+00  4.2601E-02 -1.4085E+01  9.350E-01  2.3453E+01  1.4092E+01
 15.000 -1.7885E+00  3.6418E-02 -1.4275E+01  9.343E-01  2.5984E+01  1.5085E+01
 16.000 -2.0079E+00  2.8707E-02 -1.4428E+01  9.341E-01  2.8618E+01  1.6078E+01
 17.000 -2.2107E+00  2.1749E-02 -1.4469E+01  9.346E-01  3.1352E+01  1.7072E+01
 18.000 -2.4004E+00  1.8709E-02 -1.4341E+01  9.353E-01  3.4184E+01  1.8067E+01
 19.000 -2.5778E+00  1.8448E-02 -1.4213E+01  9.360E-01  3.7109E+01  1.9063E+01
 20.000 -2.7437E+00  1.9501E-02 -1.4184E+01  9.365E-01  4.0125E+01  2.0059E+01
