 Formula: Fe2O3                                 Feff8L (EXAFS)       0.1
 SpaceGroup: R-3c
 CIF Source: Am Min Crystal Structure Database ID 143
 Mineral Name: hematite
 Publication: American Mineralogist 51 [123:129] (1966)
 Authors: Blake R L, Hessevick R E, Zoltai T, Finger L W
 Cell Parameters (A, degrees): a=5.038, b=5.038, c=13.772, alpha=90.0, beta=90.0
 Cell Volume (A^3): 302.72200
 Crystal Density (gr/cm^3): 5.25600
 Compound: Elba, Italy
 POT  Non-SCF, core-hole, AFOLP (folp(0)= 1.150)
 Abs   Z=26 Rmt= 1.286 Rnm= 1.378 K  shell
 Pot 1 Z= 8 Rmt= 1.012 Rnm= 1.086
 Pot 2 Z=26 Rmt= 1.289 Rnm= 1.385
 Gam_ch=1.309E+00 H-L exch
 Mu=-9.174E-01 kf=2.252E+00 Vint=-2.024E+01 Rs_int= 1.610
 PATH  Rmax= 7.000,  Keep_limit= 0.00, Heap_limit 0.00  Pwcrit= 2.50%
 Path    4      icalc       2
 -----------------------------------------------------------------------
   2   3.000   2.9710    2.3192   -0.91742 nleg, deg, reff, rnrmav(bohr), edge
        x         y         z   pot at#
    -0.0000   -0.0000   -0.0000  0  26 Fe       absorbing atom
    -2.5190   -1.4544   -0.6050  2  26 Fe
    k   real[2*phc]   mag[feff]  phase[feff] red factor   lambda     real[p]@#
  0.000  3.1006E+00  2.3556E-05 -1.6924E+00  1.008E+00  2.6227E+01  2.2526E+00
  0.100  3.1001E+00  2.3405E-02 -2.2747E+00  1.008E+00  2.6252E+01  2.2547E+00
  0.200  3.0987E+00  4.6512E-02 -2.8351E+00  1.009E+00  2.6323E+01  2.2611E+00
  0.300  3.0964E+00  6.9033E-02 -3.3730E+00  1.009E+00  2.6434E+01  2.2716E+00
  0.400  3.0930E+00  9.0695E-02 -3.8887E+00  1.009E+00  2.6573E+01  2.2863E+00
  0.500  3.0886E+00  1.1125E-01 -4.3822E+00  1.009E+00  2.6725E+01  2.3051E+00
  0.600  3.0832E+00  1.3048E-01 -4.8539E+00  1.009E+00  2.6869E+01  2.3278E+00
  0.700  3.0765E+00  1.4820E-01 -5.3038E+00  1.010E+00  2.6984E+01  2.3545E+00
  0.800  3.0686E+00  1.6425E-01 -5.7324E+00  1.010E+00  2.7046E+01  2.3848E+00
  0.900  3.0593E+00  1.7847E-01 -6.1398E+00  1.011E+00  2.7031E+01  2.4189E+00
  1.000  3.0485E+00  1.9076E-01 -6.5260E+00  1.011E+00  2.6919E+01  2.4565E+00
  1.100  3.0361E+00  2.0103E-01 -6.8914E+00  1.012E+00  2.6691E+01  2.4975E+00
  1.200  3.0221E+00  2.0920E-01 -7.2357E+00  1.013E+00  2.6338E+01  2.5418E+00
  1.300  3.0062E+00  2.1522E-01 -7.5589E+00  1.015E+00  2.5858E+01  2.5894E+00
  1.400  2.9883E+00  2.1904E-01 -7.8606E+00  1.016E+00  2.5258E+01  2.6401E+00
  1.500  2.9682E+00  2.2067E-01 -8.1401E+00  1.018E+00  2.4550E+01  2.6939E+00
  1.600  2.9458E+00  2.2011E-01 -8.3964E+00  1.020E+00  2.3756E+01  2.7506E+00
  1.700  2.9209E+00  2.1746E-01 -8.6278E+00  1.023E+00  2.2900E+01  2.8104E+00
  1.800  2.8932E+00  2.1285E-01 -8.8322E+00  1.026E+00  2.2011E+01  2.8730E+00
  1.900  2.8626E+00  2.0658E-01 -9.0066E+00  1.029E+00  2.1116E+01  2.9386E+00
  2.000  2.8287E+00  1.9913E-01 -9.1469E+00  1.033E+00  2.0241E+01  3.0071E+00
  2.200  2.7501E+00  1.8412E-01 -9.3056E+00  1.041E+00  1.8645E+01  3.1531E+00
  2.400  2.6596E+00  1.7937E-01 -9.2608E+00  1.050E+00  1.7391E+01  3.3114E+00
  2.600  2.5177E+00  1.7472E-01 -9.0508E+00  1.030E+00  1.6598E+01  3.4940E+00
  2.800  2.3812E+00  2.1530E-01 -9.0617E+00  1.153E+00  8.8104E+00  3.6685E+00
  3.000  2.3431E+00  2.7371E-01 -9.2798E+00  1.204E+00  7.1856E+00  3.8038E+00
  3.200  2.3045E+00  3.4961E-01 -9.5304E+00  1.229E+00  6.4741E+00  3.9395E+00
  3.400  2.2467E+00  4.3017E-01 -9.7690E+00  1.239E+00  6.1200E+00  4.0845E+00
  3.600  2.1789E+00  5.1262E-01 -1.0001E+01  1.237E+00  5.9532E+00  4.2348E+00
  3.800  2.1043E+00  5.9146E-01 -1.0216E+01  1.232E+00  5.8970E+00  4.3899E+00
  4.000  2.0249E+00  6.6199E-01 -1.0415E+01  1.217E+00  5.9134E+00  4.5494E+00
  4.200  1.9412E+00  7.2324E-01 -1.0600E+01  1.204E+00  5.9814E+00  4.7129E+00
  4.400  1.8554E+00  7.7518E-01 -1.0772E+01  1.190E+00  6.0880E+00  4.8798E+00
  4.600  1.7686E+00  8.1524E-01 -1.0930E+01  1.175E+00  6.2250E+00  5.0499E+00
  4.800  1.6803E+00  8.4828E-01 -1.1079E+01  1.160E+00  6.3868E+00  5.2228E+00
  5.000  1.5918E+00  8.7414E-01 -1.1218E+01  1.146E+00  6.5695E+00  5.3981E+00
  5.200  1.5036E+00  8.9410E-01 -1.1349E+01  1.134E+00  6.7699E+00  5.5757E+00
  5.400  1.4153E+00  9.0875E-01 -1.1470E+01  1.121E+00  6.9860E+00  5.7553E+00
  5.600  1.3273E+00  9.1824E-01 -1.1585E+01  1.110E+00  7.2160E+00  5.9366E+00
  5.800  1.2394E+00  9.2265E-01 -1.1693E+01  1.099E+00  7.4586E+00  6.1195E+00
  6.000  1.1515E+00  9.2061E-01 -1.1793E+01  1.088E+00  7.7127E+00  6.3038E+00
  6.500  9.3317E-01  8.9168E-01 -1.2025E+01  1.065E+00  8.3928E+00  6.7698E+00
  7.000  7.1892E-01  8.3570E-01 -1.2236E+01  1.044E+00  9.1294E+00  7.2419E+00
  7.500  5.1324E-01  7.6953E-01 -1.2434E+01  1.027E+00  9.9157E+00  7.7186E+00
  8.000  3.1920E-01  7.0426E-01 -1.2623E+01  1.013E+00  1.0747E+01  8.1991E+00
  8.500  1.3502E-01  6.4216E-01 -1.2806E+01  9.994E-01  1.1620E+01  8.6825E+00
  9.000 -4.7052E-02  5.7963E-01 -1.2985E+01  9.847E-01  1.2531E+01  9.1683E+00
  9.500 -2.2589E-01  5.2026E-01 -1.3159E+01  9.728E-01  1.3480E+01  9.6559E+00
 10.000 -3.9995E-01  4.6697E-01 -1.3329E+01  9.628E-01  1.4463E+01  1.0145E+01
 11.000 -7.2568E-01  3.8344E-01 -1.3645E+01  9.492E-01  1.6529E+01  1.1127E+01
 12.000 -1.0227E+00  3.1595E-01 -1.3945E+01  9.420E-01  1.8721E+01  1.2113E+01
 13.000 -1.2995E+00  2.6269E-01 -1.4232E+01  9.375E-01  2.1031E+01  1.3102E+01
 14.000 -1.5538E+00  2.2173E-01 -1.4497E+01  9.350E-01  2.3453E+01  1.4092E+01
 15.000 -1.7885E+00  1.8782E-01 -1.4772E+01  9.343E-01  2.5984E+01  1.5085E+01
 16.000 -2.0079E+00  1.5792E-01 -1.5043E+01  9.341E-01  2.8618E+01  1.6078E+01
 17.000 -2.2107E+00  1.2944E-01 -1.5323E+01  9.346E-01  3.1352E+01  1.7072E+01
 18.000 -2.4004E+00  1.0371E-01 -1.5589E+01  9.353E-01  3.4184E+01  1.8067E+01
 19.000 -2.5778E+00  8.2360E-02 -1.5818E+01  9.360E-01  3.7109E+01  1.9063E+01
 20.000 -2.7437E+00  6.5322E-02 -1.6044E+01  9.365E-01  4.0125E+01  2.0059E+01
