 Formula: Fe2O3                                 Feff8L (EXAFS)       0.1
 SpaceGroup: R-3c
 CIF Source: Am Min Crystal Structure Database ID 143
 Mineral Name: hematite
 Publication: American Mineralogist 51 [123:129] (1966)
 Authors: Blake R L, Hessevick R E, Zoltai T, Finger L W
 Cell Parameters (A, degrees): a=5.038, b=5.038, c=13.772, alpha=90.0, beta=90.0
 Cell Volume (A^3): 302.72200
 Crystal Density (gr/cm^3): 5.25600
 Compound: Elba, Italy
 POT  Non-SCF, core-hole, AFOLP (folp(0)= 1.150)
 Abs   Z=26 Rmt= 1.286 Rnm= 1.378 K  shell
 Pot 1 Z= 8 Rmt= 1.012 Rnm= 1.086
 Pot 2 Z=26 Rmt= 1.289 Rnm= 1.385
 Gam_ch=1.309E+00 H-L exch
 Mu=-9.174E-01 kf=2.252E+00 Vint=-2.024E+01 Rs_int= 1.610
 PATH  Rmax= 7.000,  Keep_limit= 0.00, Heap_limit 0.00  Pwcrit= 2.50%
 Path    9      icalc       2
 -----------------------------------------------------------------------
   3   6.000   3.4508    2.3192   -0.91742 nleg, deg, reff, rnrmav(bohr), edge
        x         y         z   pot at#
    -0.0000   -0.0000   -0.0000  0  26 Fe       absorbing atom
     1.5411   -0.0000   -1.4502  1   8 O
    -0.7706   -1.3346   -1.4502  1   8 O
    k   real[2*phc]   mag[feff]  phase[feff] red factor   lambda     real[p]@#
  0.000  3.1006E+00  1.2859E-05 -1.9571E+00  1.008E+00  2.6227E+01  2.2526E+00
  0.100  3.1001E+00  1.2768E-02 -2.6336E+00  1.008E+00  2.6252E+01  2.2547E+00
  0.200  3.0987E+00  2.5322E-02 -3.2849E+00  1.009E+00  2.6323E+01  2.2611E+00
  0.300  3.0964E+00  3.7460E-02 -3.9105E+00  1.009E+00  2.6434E+01  2.2716E+00
  0.400  3.0930E+00  4.8998E-02 -4.5107E+00  1.009E+00  2.6573E+01  2.2863E+00
  0.500  3.0886E+00  5.9780E-02 -5.0857E+00  1.009E+00  2.6725E+01  2.3051E+00
  0.600  3.0832E+00  6.9685E-02 -5.6359E+00  1.009E+00  2.6869E+01  2.3278E+00
  0.700  3.0765E+00  7.8613E-02 -6.1618E+00  1.010E+00  2.6984E+01  2.3545E+00
  0.800  3.0686E+00  8.6509E-02 -6.6639E+00  1.010E+00  2.7046E+01  2.3848E+00
  0.900  3.0593E+00  9.3345E-02 -7.1426E+00  1.011E+00  2.7031E+01  2.4189E+00
  1.000  3.0485E+00  9.9119E-02 -7.5985E+00  1.011E+00  2.6919E+01  2.4565E+00
  1.100  3.0361E+00  1.0385E-01 -8.0319E+00  1.012E+00  2.6691E+01  2.4975E+00
  1.200  3.0221E+00  1.0758E-01 -8.4434E+00  1.013E+00  2.6338E+01  2.5418E+00
  1.300  3.0062E+00  1.1035E-01 -8.8332E+00  1.015E+00  2.5858E+01  2.5894E+00
  1.400  2.9883E+00  1.1221E-01 -9.2019E+00  1.016E+00  2.5258E+01  2.6401E+00
  1.500  2.9682E+00  1.1324E-01 -9.5497E+00  1.018E+00  2.4550E+01  2.6939E+00
  1.600  2.9458E+00  1.1348E-01 -9.8768E+00  1.020E+00  2.3756E+01  2.7506E+00
  1.700  2.9209E+00  1.1301E-01 -1.0183E+01  1.023E+00  2.2900E+01  2.8104E+00
  1.800  2.8932E+00  1.1187E-01 -1.0470E+01  1.026E+00  2.2011E+01  2.8730E+00
  1.900  2.8626E+00  1.1012E-01 -1.0736E+01  1.029E+00  2.1116E+01  2.9386E+00
  2.000  2.8287E+00  1.0781E-01 -1.0983E+01  1.033E+00  2.0241E+01  3.0071E+00
  2.200  2.7501E+00  1.0166E-01 -1.1416E+01  1.041E+00  1.8645E+01  3.1531E+00
  2.400  2.6596E+00  9.3722E-02 -1.1771E+01  1.050E+00  1.7391E+01  3.3114E+00
  2.600  2.5177E+00  8.3413E-02 -1.2040E+01  1.030E+00  1.6598E+01  3.4940E+00
  2.800  2.3812E+00  9.0219E-02 -1.2332E+01  1.153E+00  8.8104E+00  3.6685E+00
  3.000  2.3431E+00  8.9278E-02 -1.2690E+01  1.204E+00  7.1856E+00  3.8038E+00
  3.200  2.3045E+00  8.4090E-02 -1.3032E+01  1.229E+00  6.4741E+00  3.9395E+00
  3.400  2.2467E+00  7.6214E-02 -1.3346E+01  1.239E+00  6.1200E+00  4.0845E+00
  3.600  2.1789E+00  6.7188E-02 -1.3639E+01  1.237E+00  5.9532E+00  4.2348E+00
  3.800  2.1043E+00  5.7918E-02 -1.3926E+01  1.232E+00  5.8970E+00  4.3899E+00
  4.000  2.0249E+00  4.9159E-02 -1.4209E+01  1.217E+00  5.9134E+00  4.5494E+00
  4.200  1.9412E+00  4.1265E-02 -1.4489E+01  1.204E+00  5.9814E+00  4.7129E+00
  4.400  1.8554E+00  3.4160E-02 -1.4776E+01  1.190E+00  6.0880E+00  4.8798E+00
  4.600  1.7686E+00  2.8092E-02 -1.5070E+01  1.175E+00  6.2250E+00  5.0499E+00
  4.800  1.6803E+00  2.3007E-02 -1.5368E+01  1.160E+00  6.3868E+00  5.2228E+00
  5.000  1.5918E+00  1.8818E-02 -1.5675E+01  1.146E+00  6.5695E+00  5.3981E+00
  5.200  1.5036E+00  1.5419E-02 -1.5991E+01  1.134E+00  6.7699E+00  5.5757E+00
  5.400  1.4153E+00  1.2684E-02 -1.6310E+01  1.121E+00  6.9860E+00  5.7553E+00
  5.600  1.3273E+00  1.0480E-02 -1.6632E+01  1.110E+00  7.2160E+00  5.9366E+00
  5.800  1.2394E+00  8.7083E-03 -1.6955E+01  1.099E+00  7.4586E+00  6.1195E+00
  6.000  1.1515E+00  7.2865E-03 -1.7277E+01  1.088E+00  7.7127E+00  6.3038E+00
  6.500  9.3317E-01  4.8625E-03 -1.8060E+01  1.065E+00  8.3928E+00  6.7698E+00
  7.000  7.1892E-01  3.4941E-03 -1.8758E+01  1.044E+00  9.1294E+00  7.2419E+00
  7.500  5.1324E-01  2.6764E-03 -1.9301E+01  1.027E+00  9.9157E+00  7.7186E+00
  8.000  3.1920E-01  2.1414E-03 -1.9681E+01  1.013E+00  1.0747E+01  8.1991E+00
  8.500  1.3502E-01  1.8120E-03 -1.9959E+01  9.994E-01  1.1620E+01  8.6825E+00
  9.000 -4.7052E-02  1.6254E-03 -2.0228E+01  9.847E-01  1.2531E+01  9.1683E+00
  9.500 -2.2589E-01  1.4951E-03 -2.0536E+01  9.728E-01  1.3480E+01  9.6559E+00
 10.000 -3.9995E-01  1.3632E-03 -2.0871E+01  9.628E-01  1.4463E+01  1.0145E+01
 11.000 -7.2568E-01  1.0140E-03 -2.1515E+01  9.492E-01  1.6529E+01  1.1127E+01
 12.000 -1.0227E+00  6.7787E-04 -2.1968E+01  9.420E-01  1.8721E+01  1.2113E+01
 13.000 -1.2995E+00  5.0047E-04 -2.2271E+01  9.375E-01  2.1031E+01  1.3102E+01
 14.000 -1.5538E+00  4.2245E-04 -2.2634E+01  9.350E-01  2.3453E+01  1.4092E+01
 15.000 -1.7885E+00  3.2317E-04 -2.3075E+01  9.343E-01  2.5984E+01  1.5085E+01
 16.000 -2.0079E+00  1.9828E-04 -2.3400E+01  9.341E-01  2.8618E+01  1.6078E+01
 17.000 -2.2107E+00  1.4410E-04 -2.3203E+01  9.346E-01  3.1352E+01  1.7072E+01
 18.000 -2.4004E+00  1.7823E-04 -2.3287E+01  9.353E-01  3.4184E+01  1.8067E+01
 19.000 -2.5778E+00  1.7938E-04 -2.3628E+01  9.360E-01  3.7109E+01  1.9063E+01
 20.000 -2.7437E+00  1.6246E-04 -2.3892E+01  9.365E-01  4.0125E+01  2.0059E+01
